0.06809241324663162
0.06705290824174881
0.06839507818222046
0.03918733075261116
0.05722806602716446
0.07330898940563202
0.06748847663402557
0.0703565776348114
0.06740637868642807
0.06421026587486267
0.06588137149810791
0.07628713548183441
0.05237993970513344
0.08421815931797028
0.0772147849202156
0.05761411041021347
0.06233558431267738
0.07986617088317871
0.07453282922506332
0.0696912556886673
0.08557462692260742
0.07488614320755005
0.046653907746076584
0.04612823575735092
0.07201166450977325
0.06789451837539673
0.062075648456811905
0.06632433086633682
0.0697830468416214
0.0747530460357666
0.06952137500047684
0.06948497146368027
0.06058553606271744
0.04574967175722122
0.057706963270902634
0.07246781885623932
0.07176452875137329
0.061011724174022675
0.08848792314529419
0.07328794151544571
0.0660267323255539
0.061454370617866516
0.06697001308202744
0.05131850391626358
0.07074740529060364
0.053227879106998444
0.0630086287856102
0.07073839008808136
0.07374127209186554
0.062493789941072464
0.08058862388134003
0.07290326058864594
0.0648718923330307
0.057887963950634
0.08654051274061203
0.07096768915653229
0.05829417333006859
0.07953564077615738
0.055441927164793015
0.07624377310276031
0.06961663067340851
0.0816149190068245
0.0790131464600563
0.050901636481285095
0.07541867345571518
0.06841231882572174
0.06522460281848907
0.07630354166030884
0.07321202754974365
0.061618827283382416
0.054980017244815826
0.06505824625492096
0.06745322048664093
0.06307440996170044
0.06344316154718399
0.07208620756864548
0.08684314787387848
0.057154394686222076
0.07636867463588715
0.07322020828723907
0.06724439561367035
0.05603210628032684
0.06641905009746552
0.07848364114761353
0.06941446661949158
0.08468163013458252
0.07099787145853043
0.05723559483885765
0.05227314680814743
0.05445863679051399
0.0727783739566803
0.0777076706290245
0.07221800833940506
0.058002371340990067
0.0481681302189827
0.06685220450162888
0.06968139857053757
0.07267365604639053
0.06536543369293213
0.0804000198841095
